LINE:877317.693539,581794.759335,877307.751233,581996.908241
LINE:877339.270152,581294.907399,877329.252543,581544.658700
LINE:876756.316009,582648.290361,876699.749941,582653.322928,876495.513545,582684.346913
LINE:876593.165350,581799.607758,876264.164507,581801.702044
LINE:872491.411716,581376.876897,872507.447749,581019.418765
LINE:872507.447749,581019.418765,872509.308381,580977.943541
LINE:872509.308381,580977.943541,872551.249259,580043.042232
LINE:877284.939211,580287.324419,877316.354860,580231.971957,877324.387674,580214.425479,877331.828004,580192.616734,877337.993376,580158.512905,877351.518256,580026.098989
LINE:877317.693539,581794.759335,877511.486606,581795.314514,877525.799141,581797.481864,877557.625160,581804.952930,877574.063815,581822.150257
LINE:876285.621931,581301.082533,876829.539405,581297.027602
LINE:874858.757525,581931.325849,875160.224231,582021.460831,875239.157588,582039.772341,875363.686049,582053.315697,875538.414760,582053.897484
LINE:876580.753446,582047.718524,876593.165350,581799.607758
LINE:875682.127146,583347.879448,875433.349833,583346.508769
LINE:875433.344368,582816.913779,875578.667174,582815.622934,875683.365690,582804.839379
LINE:873832.973228,582768.587125,874127.580948,582804.422148,874248.896944,582815.249360,874675.601653,582817.103387
LINE:875203.638485,584846.207171,875752.693941,584848.400302,875814.117267,584853.772999,875879.548257,584868.792702
LINE:873403.733966,584849.935083,873654.743372,584845.805458
LINE:876163.776013,584996.095894,875942.717547,584891.518165,875879.548257,584868.792702
LINE:873403.733966,584849.935083,873385.352364,585280.881525
LINE:874932.192931,585291.030313,874948.528080,584971.904432,874945.746114,584854.019884
LINE:876184.978476,583179.265794,876418.095225,583144.244123,876433.649124,583142.333779,876440.082317,583142.609115,876450.109545,583144.427904,876456.196096,583146.519388,876463.065847,583149.970093,876469.109637,583154.301887
LINE:876469.109637,583154.301887,876474.798200,583159.136235,876478.886752,583163.822503,876482.522551,583169.305933,876484.102333,583171.977261,876487.019829,583179.136414,876490.049771,583189.632442,876491.720291,583202.340449,876491.754364,583212.602407,876470.754061,583672.842703
LINE:877713.372750,580117.232655,877827.200727,579942.846405,877852.338683,579890.735775
LINE:876117.024740,583585.220444,876177.739852,583475.650049,876192.648248,583440.403696,876204.304894,583395.581879,876209.209225,583352.537408,876208.306970,583305.109485,876199.477569,583243.117745,876184.978476,583179.265794
LINE:875183.484044,582817.213694,875433.344368,582816.913779
LINE:877464.728242,584133.510344,877451.198456,584106.459407,877408.595172,584103.371651,877210.468065,584102.401033
LINE:874675.601653,582817.103387,874686.976351,582594.972917,874706.503263,582461.617628,874727.215800,582376.875662,874858.757525,581931.325849
LINE:872924.125164,583058.080726,872957.447270,583032.795548,872959.413539,583031.867133,872969.174039,583027.833000,873032.111953,583002.827159,873070.222620,582983.442885,873089.032179,582970.265108,873105.618734,582956.032231,873116.656904,582944.622632,873131.549359,582926.050288,873151.489596,582891.791186,873160.282975,582869.669231,873165.686854,582850.552919,873186.444040,582689.318656
LINE:873902.079614,584851.977484,873914.007377,584908.837324,873946.270388,585047.698737,873949.815072,585060.736028,873952.098900,585066.560342,873954.728327,585071.548034,873958.072573,585076.109756,873969.678402,585087.366793
LINE:873969.678402,585087.366793,873977.861871,585092.209081,873984.118435,585094.789699,873990.672198,585096.501252,874000.728480,585097.506923,874630.522013,585102.229338,874640.046696,585101.433221,874646.196115,585099.982267,874655.038610,585096.355231,874657.523862,585094.862801
LINE:874657.523862,585094.862801,874660.796209,585092.897710,874666.612258,585088.179718,874669.177402,585085.587687,874673.887707,585079.766324,874677.656682,585073.296613,874679.190393,585069.988091,874682.272154,585059.304020,874683.090783,585051.861370,874686.930126,584918.644334,874684.160759,584862.975021
LINE:874684.160759,584862.975021,874681.194178,584849.147292,874675.413000,584832.703581,874668.404299,584818.957700,874657.505042,584803.122221,874627.892779,584772.927369,874588.955271,584744.391099
LINE:877082.238732,581295.333734,876829.539405,581297.027602
LINE:877329.252543,581544.658700,876274.399062,581551.326068
LINE:876256.302603,580020.454168,876245.065936,580287.206179
LINE:874849.970665,584416.601698,874751.572260,584038.413592
LINE:875172.020044,580028.143170,874905.433285,580030.050499
LINE:875072.809531,581212.512833,874858.757525,581931.325849
LINE:874351.946413,580032.906742,873196.295837,580039.392187
LINE:872433.434106,582639.385495,872387.983553,583650.529508
LINE:872947.700384,580040.745857,872551.249259,580043.042232
LINE:875321.813882,581284.256924,875353.445837,581176.540842,875375.036802,581074.974145,875387.737115,580976.365579,875395.516331,580845.601615,875397.135353,580835.227688,875399.680617,580827.595793,875402.994309,580820.922091,875405.711263,580816.347806,875409.465796,580811.605289,875414.368746,580806.890854
LINE:875414.368746,580806.890854,875420.421199,580802.380097,875427.302330,580798.862047,875434.655999,580796.492740,875440.526848,580795.593974,875447.573655,580795.092031,876143.343568,580793.361807,876222.415759,580798.242687
LINE:875072.809531,581212.512833,875108.660730,581088.212085,875125.850806,580986.242327,875133.721597,580892.509851,875149.125148,580547.035587
LINE:872924.125164,583058.080726,872887.915041,583085.557364,872881.247222,583092.643346,872876.569123,583097.842236,872866.605574,583109.853022,872843.423788,583145.909238,872828.180328,583181.783160,872818.944274,583217.618565,872814.361493,583250.348786,872804.773123,583417.666508
LINE:873832.973228,582768.587125,873859.118220,582564.250298,873861.098570,582553.329227,873862.273081,582549.702967,873865.226248,582543.106256,873869.136205,582537.025910,873871.574597,582534.096152,873877.131396,582528.688355
LINE:873877.131396,582528.688355,873882.143178,582524.987975,873888.098757,582521.783604,873891.294481,582520.441381,873897.771896,582518.493693,873904.459461,582517.484928,873914.675687,582517.657459,874148.379968,582546.705775,874260.938116,582554.750278,874378.975782,582556.653261,874386.064463,582556.288846,874393.046955,582555.014198,874398.569082,582553.230652,874410.470207,582547.137183
LINE:874410.470207,582547.137183,874415.236347,582543.575936,874420.672975,582538.309901,874424.548693,582533.409828,874429.608317,582524.554155,874431.977521,582518.770650,874433.834720,582511.426993,874455.251562,582399.586621,874481.526285,582292.237426,874596.709060,581904.103530,874608.178296,581853.591704
LINE:874675.601653,582817.103387,874655.665243,583248.607158,874648.369107,583293.107729
LINE:874644.320555,583542.852778,874593.409950,583540.262746,874404.106473,583532.647053,874371.200574,583558.015046
LINE:875433.349833,583346.508769,875433.344368,582816.913779
LINE:873838.971255,583037.606756,874009.587316,583052.061678,874037.037762,583058.966475,874071.942282,583090.726564
LINE:873846.109902,583330.242300,873980.153193,583335.424274,874018.586008,583341.689374,874048.182688,583351.454872,874080.362367,583367.307161,874094.992074,583375.760661,874127.098369,583402.259922
LINE:876221.218733,584537.986354,876226.630030,584570.179209,876223.573704,584795.398706,876221.026138,584834.586861,876214.052250,584871.664714,876204.020902,584904.083423,876163.776013,584996.095894
LINE:876971.364915,583701.368254,876995.639819,583136.917466,876996.518339,583129.202794,876997.358170,583125.453897,876999.788383,583118.080561,877003.271844,583111.141234,877007.877499,583104.720096
LINE:877007.877499,583104.720096,877010.060905,583101.957182,877015.591836,583096.706671,877021.811331,583092.298390,877028.588182,583088.823515,877035.862923,583086.188804,877043.314351,583084.596460,877050.922024,583084.080381,877258.395997,583084.581466
LINE:874849.970665,584416.601698,874924.242960,584705.991577,874945.746114,584854.019884
LINE:873434.979190,582720.066161,873421.605766,582821.845271,873411.747347,582946.406892,873406.869767,582966.963213,873381.422208,583004.334677
LINE:875203.638485,584846.207171,875207.788270,584930.747981,875203.686263,585060.161828,875204.474344,585067.500816,875206.453473,585074.615839,875209.569166,585081.309652,875211.586109,585084.586401,875214.576454,585088.347921
LINE:875214.576454,585088.347921,875216.181155,585090.366455,875221.739870,585095.367315,875228.053897,585099.357272,875234.894410,585102.340789,875242.110468,585104.265846,875249.556073,585104.950112,875749.323688,585108.776870,875758.261766,585107.954703,875764.679459,585106.630007,875771.245248,585104.178862
LINE:875771.245248,585104.178862,875773.590227,585103.200671,875780.171377,585099.269929,875786.102992,585094.417672,875788.888288,585091.592274,875793.643681,585085.582217,875797.466950,585078.937873,875866.067914,584935.347692,875866.397089,584934.624706,875879.548257,584868.792702
LINE:876470.754061,583672.842703,876412.476878,583655.315907,876370.287068,583646.901194,876247.770040,583643.792832,876228.638609,583642.142510,876213.541109,583639.297729,876189.144191,583631.580188,876168.995165,583621.837197,876117.024740,583585.220444
LINE:877278.522269,582640.028775,877258.395997,583084.581466
LINE:877339.270152,581294.907399,877082.238732,581295.333734
LINE:877230.598131,583702.812899,876971.364915,583701.368254
LINE:876285.621931,581301.082533,876274.399062,581551.326068
LINE:876233.610300,580540.624168,876222.260844,580802.610570
LINE:876222.260844,580802.610570,876213.479836,581050.194694
LINE:877108.287063,580796.626911,876282.646430,580801.960539,876222.415759,580798.242687
LINE:874934.465646,582816.983403,874675.601653,582817.103387
LINE:877422.914025,580611.944105,877280.171263,580563.880299,877169.294169,580546.270979
LINE:875321.813882,581284.256924,875384.779088,581299.716670,875429.315232,581305.771960,875582.581710,581305.118545
LINE:877082.238732,581295.333734,877100.579281,580858.167529,877108.287063,580796.626911
LINE:873149.582500,584840.943624,873403.733966,584849.935083
LINE:875538.414760,582053.897484,876580.753446,582047.718524
LINE:874934.465646,582816.983403,875183.484044,582817.213694
LINE:873186.444040,582689.318656,873434.979190,582720.066161
LINE:877351.518256,580026.098989,877428.643514,580035.112318,877489.788874,580047.769154,877617.570000,580084.340000,877713.372750,580117.232655
LINE:876470.754061,583672.842703,876525.657189,583688.870189,876574.455134,583697.053485,876720.051433,583700.265487
LINE:873186.444040,582689.318656,873195.838308,582606.240361,873196.535323,582571.445687,873193.853600,582536.617451,873183.409488,582485.930549,873142.024810,582351.159945
LINE:875072.809531,581212.512833,874825.438661,581138.080415
LINE:876756.316009,582648.290361,876859.234941,582641.428471,877278.522269,582640.028775
LINE:873142.024810,582351.159945,873064.917788,582114.551868
LINE:876245.065936,580287.206179,876233.610300,580540.624168
LINE:876971.364915,583701.368254,876720.051433,583700.265487
LINE:873664.383331,584698.968559,873658.639235,584745.226942,873654.743372,584845.805458
LINE:873186.444040,582689.318656,872789.149625,582643.027901,872433.434106,582639.385495
LINE:877566.134174,582642.202414,877278.522269,582640.028775
LINE:876163.776013,584996.095894,876097.407556,585129.087287,876077.565153,585183.868717
LINE:875682.127146,583347.879448,875720.489381,583348.620020,875737.944050,583351.891754,875760.082525,583357.486770,875807.182717,583374.065001,875855.985901,583397.536529,875905.210104,583428.313588,876117.024740,583585.220444
LINE:874148.487482,584073.178357,874149.628466,584008.652991,874146.663854,583982.346415,874136.566739,583930.727798,874098.332236,583783.906372,874089.429671,583720.764833,874084.644401,583642.311219,874084.862953,583573.019376,874092.861347,583505.587532,874108.545186,583445.512227,874127.098369,583402.259922
LINE:877422.914025,580611.944105,877456.521392,580520.210296,877490.976023,580451.979999,877603.464009,580277.336671,877713.372750,580117.232655
LINE:872924.125164,583058.080726,872859.933848,582976.029939,872837.900723,582951.397870,872821.801784,582937.599901,872809.085164,582928.816282,872784.469483,582916.140519
LINE:872784.469483,582916.140519,872770.777665,582910.429352,872744.590577,582903.452766,872725.508323,582901.034558,872628.020878,582901.890182,872620.897012,582902.391185,872614.160276,582903.896581,872607.100223,582906.521492,872601.845795,582908.941910,872596.675397,582912.497268,872591.518302,582917.090708,872587.574264,582921.322964,872583.578095,582926.984182,872582.212711,582929.646471
LINE:872582.212711,582929.646471,872579.253317,582936.073951,872577.670626,582941.517412,872577.214327,582944.685924,872576.592802,582951.711092,872557.587694,583360.298205,872558.165425,583369.153005,872559.583154,583375.856700,872561.632223,583381.418681,872563.378271,583384.902982,872567.357504,583390.934689,872570.070512,583393.891905
LINE:872570.070512,583393.891905,872572.369659,583396.398005,872577.997414,583400.843108,872580.094997,583402.081364,872589.390701,583406.220909,872595.719158,583407.897888,872605.429217,583408.831259,872804.773123,583417.666508
LINE:876245.065936,580287.206179,876305.752956,580291.562109,877284.939211,580287.324419
LINE:873654.743372,584845.805458,873646.811763,584998.901705,873649.212304,585025.701057,873674.666530,585062.326294
LINE:877329.252543,581544.658700,877317.693539,581794.759335
LINE:877566.134174,582642.202414,877559.275219,582709.393788,877549.520000,582937.620000
LINE:872491.411716,581376.876897,872645.484058,581389.461833
LINE:874371.863121,583107.574192,874396.172888,583143.846074,874397.955087,583152.445749,874398.787347,583158.224935,874396.490508,583231.335520,874386.562748,583279.612556
LINE:874849.970665,584416.601698,874663.123942,584466.489496,874653.033889,584470.815687,874643.470602,584476.829381,874637.800202,584481.635113,874630.234582,584490.027711,874626.044990,584496.167606,874622.273235,584504.022287
LINE:874622.273235,584504.022287,874619.774837,584509.753865,874617.033153,584520.535828,874616.085323,584531.623666,874616.482233,584539.168988,874625.330231,584605.627161,874625.588145,584627.136766,874623.485782,584648.597944,874609.908789,584698.954868,874588.955271,584744.391099
LINE:877329.252543,581544.658700,877533.834685,581543.265220,877544.763364,581542.702102,877551.550410,581541.573505,877555.876241,581540.098692,877559.388413,581538.721806,877564.521904,581536.197458,877570.124778,581532.351286
LINE:877570.124778,581532.351286,877573.410752,581529.555960,877578.251024,581524.237212,877582.371573,581518.002494,877584.010676,581514.831500,877586.435804,581509.037611,877588.857088,581499.506316,877589.607906,581493.267229,877619.457626,580854.130551,877625.270506,580817.843424,877649.113750,580741.085946,877650.291702,580733.714980,877650.252199,580726.248975,877649.780420,580722.366424,877648.037587,580715.557520
LINE:877648.037587,580715.557520,877645.972685,580710.268308,877643.572965,580705.363554,877639.386744,580699.185541,877634.380394,580693.654294,877630.248494,580690.045443,877622.915370,580684.792175,877616.235178,580681.464870,877422.914025,580611.944105
LINE:876274.399062,581551.326068,876264.164507,581801.702044
LINE:873832.973228,582768.587125,873434.979190,582720.066161
LINE:873846.109902,583330.242300,873835.910928,583562.456197,873837.447602,583688.696730,873842.198527,583759.564342,873849.258005,583826.260127,873873.835167,583992.604647,873877.509760,584005.217518,873883.346209,584017.871525,873888.964909,584027.042013,873894.482606,584034.597800,873907.580760,584047.731384
LINE:873907.580760,584047.731384,873916.099611,584054.496489,873925.102320,584060.051593,873935.244731,584064.906277,873947.870093,584069.064491,873958.927764,584071.386799,873973.839520,584072.691016,874148.487482,584073.178357
LINE:873142.024810,582351.159945,873014.012128,582380.872402,872933.600938,582388.366041,872887.894028,582387.423590,872650.937280,582376.420487,872644.706280,582375.620778,872635.375603,582372.886893,872633.229806,582372.025037,872626.795320,582368.294145,872624.020540,582366.212827,872618.606397,582361.113836,872615.445846,582356.949574
LINE:872615.445846,582356.949574,872614.223012,582355.338400,872610.840432,582348.933439,872608.540294,582342.428628,872607.279723,582336.469056,872606.921305,582326.763549,872614.081592,582172.289588,872615.008785,582165.074314,872615.921686,582161.418952,872618.435356,582154.593612,872621.995289,582148.249371,872626.508280,582142.550899,872633.771956,582136.072139
LINE:876495.513545,582684.346913,876512.036883,582790.020664,876515.001023,582834.304777,876514.921621,582846.982944,876494.088254,582858.593715
LINE:876504.982389,585292.028069,876485.088817,585752.700882
LINE:876163.776013,584996.095894,876325.417205,585070.860509,876393.305444,585090.542071,876455.385251,585100.300787,876865.457559,585104.163764,876912.688358,585098.910860,876945.477219,585089.574143
LINE:876945.477219,585089.574143,876993.829687,585077.182665,876994.939247,585076.746132,877022.940224,585051.612427,877058.704307,584971.226199,877072.148837,584928.519120,877174.494327,584344.954425
LINE:874945.746114,584854.019884,875144.477241,584845.096302,875203.638485,584846.207171
LINE:877174.494327,584344.954425,877202.739202,584178.642465,877210.468065,584102.401033
LINE:873838.971255,583037.606756,873855.046637,583097.179027,873855.548158,583102.401514,873855.892888,583108.847507,873846.109902,583330.242300
LINE:877174.494327,584344.954425,877274.707507,584360.681604,877322.009955,584373.105237,877328.761350,584375.755259,877333.472232,584399.799194
LINE:877230.598131,583702.812899,877447.833222,583704.143658,877454.030150,583703.394923,877458.045295,583702.626596,877463.919316,583700.514626,877466.760427,583699.209367
LINE:877466.760427,583699.209367,877468.607418,583698.360825,877471.757743,583696.412932,877475.014198,583694.107804,877480.580315,583688.796787,877483.082728,583685.689369,877486.492719,583680.318227,877487.842418,583677.449363,877490.412042,583670.764140,877491.102766,583668.195557,877492.157533,583660.575293,877516.496456,583139.277431,877516.655930,583132.870279,877515.671830,583123.280804,877514.177615,583117.494849,877513.282075,583115.205096,877508.531456,583106.239138
LINE:877508.531456,583106.239138,877505.206117,583101.736933,877502.611435,583098.933803,877496.953951,583094.074746,877490.579527,583090.207318,877487.129294,583088.568474,877480.040469,583086.250031,877472.673485,583085.123000,877258.395997,583084.581466
LINE:872830.235484,584764.029406,872770.515240,584811.008027,872748.562601,584823.135405,872723.142857,584832.421712,872701.817015,584836.875925,872683.197040,584838.469724,872533.921616,584839.558382,872527.088497,584840.488058,872520.449394,584842.375302,872514.141751,584845.182215,872508.295830,584848.850755,872503.203199,584853.361074
LINE:872503.203199,584853.361074,872498.345755,584858.393949,872494.396904,584864.052249,872491.293953,584870.220272,872489.103382,584876.766982,872487.479766,584886.995502,872480.244452,585035.786641,872480.817843,585045.256661,872482.582264,585052.686723,872485.428987,585059.773945,872487.237570,585063.103299,872491.498172,585069.438483,872496.652974,585075.074373,872499.446609,585077.432969
LINE:872499.446609,585077.432969,872502.195277,585079.629098,872508.305384,585083.384790,872513.617562,585085.675380,872519.794583,585087.749945,872525.548272,585088.991453,872532.703645,585089.514527,873095.625173,585091.469642,873104.436181,585090.516800,873110.889183,585088.990014,873113.214034,585088.211506,873120.241637,585084.769472
LINE:873120.241637,585084.769472,873125.603452,585081.151887,873130.941203,585076.230744,873133.451756,585073.288445,873136.852831,585068.383224,873141.048067,585059.511931,873142.790108,585053.799304,873143.360109,585049.973720,873153.519389,584899.003434,873149.582500,584840.943624
LINE:873149.582500,584840.943624,873012.730080,584839.938066,872981.198395,584837.271213,872953.289888,584832.203114,872917.067173,584819.643188,872883.140853,584801.788669,872830.235484,584764.029406
LINE:873832.973228,582768.587125,873818.948288,582882.654804,873817.424528,582925.194943,873822.267747,582971.482644,873838.971255,583037.606756
LINE:874148.487482,584073.178357,874250.703635,584077.285716,874378.850383,584097.968309,874410.175492,584101.822664,874435.373888,584100.980234,874494.495539,584093.953097
LINE:874588.955271,584744.391099,874555.879139,584781.888426,874518.266259,584811.966781,874497.812150,584823.909875,874472.596269,584835.171920,874450.052915,584842.437969,874426.895477,584847.412423,874387.568242,584850.485645,873953.871929,584848.231725,873902.079614,584851.977484
LINE:877230.598131,583702.812899,877258.395997,583084.581466
LINE:875203.638485,584846.207171,875196.723385,584753.981814,875187.801458,584698.238563,875115.131226,584401.969068,875111.532678,584391.975082,875108.140662,584385.890817,875103.946934,584380.325654,875099.031509,584375.386335,875093.488730,584371.167177,875089.366929,584368.738948
LINE:875089.366929,584368.738948,875083.851811,584366.089050,875076.947340,584363.908863,875069.805439,584362.728420,875065.952553,584362.500764,875058.721245,584362.827738,875051.607310,584364.175528,874849.970665,584416.601698
LINE:877230.598131,583702.812899,877210.468065,584102.401033
LINE:875683.365690,582804.839379,875924.639808,582770.700384
LINE:876159.118521,582735.642976,876173.295847,582834.306214,876181.105502,582873.881057,876186.401222,582887.463506,876207.366075,582889.942357
LINE:876720.051433,583700.265487,876764.983090,582726.703417,876764.800496,582703.219534,876756.316009,582648.290361
LINE:875924.639808,582770.700384,876159.118521,582735.642976
LINE:876184.978476,583179.265794,876037.727062,583200.500578,876030.652034,583201.008237,876026.800639,583200.829187,876019.789383,583199.768868,876013.015854,583197.661778,876006.639228,583194.557234,875999.532903,583189.420835
LINE:875999.532903,583189.420835,875997.841423,583188.067466,875993.069979,583182.901096,875989.116716,583177.086468,875987.282378,583173.582973,875984.714138,583167.038876,875983.142435,583160.184404,875924.639808,582770.700384
LINE:876159.118521,582735.642976,876495.513545,582684.346913
LINE:874644.320555,583542.852778,874651.726414,583337.829303,874648.369107,583293.107729
LINE:874751.572260,584038.413592,874675.519848,583744.250316,874658.835000,583655.243374,874644.320555,583542.852778
LINE:874407.004498,583856.883104,874434.402620,583865.705068,874449.502091,583906.363632,874494.495539,584093.953097
LINE:874127.098369,583402.259922,874182.531760,583345.761758,874209.860429,583325.383805,874236.313518,583310.186865,874267.882015,583296.533830,874300.869402,583286.691665,874386.562748,583279.612556
LINE:877278.522269,582640.028775,877307.751233,581996.908241
LINE:877307.751233,581996.908241,877567.561359,581995.450485,877582.866613,581997.483071,877583.886153,581998.240156,877589.764826,582005.196222
LINE:877589.764826,582005.196222,877593.610190,582009.943876,877594.851327,582011.782649,877595.465000,582013.301667,877571.857277,582586.138015,877566.134174,582642.202414
LINE:872748.123503,584591.571459,872552.139512,584587.302424,872541.242257,584586.608959,872535.079526,584585.108151,872526.193681,584581.407170,872522.827324,584579.260433,872516.783310,584574.267292
LINE:872516.783310,584574.267292,872513.726883,584571.066340,872511.399337,584567.993784,872508.416582,584562.910708,872505.897093,584556.603941,872504.915054,584553.169172,872503.810964,584546.740438,872503.844397,584535.531627,872530.753015,583950.802940,872532.321186,583941.723144,872534.435956,583935.193718,872535.454694,583932.879734,872539.293836,583926.523541,872542.014385,583923.373036
LINE:872542.014385,583923.373036,872546.928669,583918.442638,872552.958082,583914.156118,872559.627687,583910.945213,872566.741720,583908.904735,872569.186122,583908.513966,872579.075245,583908.098850,872783.207941,583917.788274
LINE:872783.207941,583917.788274,872753.288680,584545.425059,872748.123503,584591.571459
LINE:872748.123503,584591.571459,872773.469304,584670.488575,872790.161959,584704.819159,872830.235484,584764.029406
LINE:877351.518256,580026.098989,877283.797454,580018.881790,877189.499406,580015.262654,876256.302603,580020.454168
LINE:877317.693539,581794.759335,876593.165350,581799.607758
LINE:875251.346523,581526.431996,875351.332547,581548.992209,875426.995255,581554.808153,876274.399062,581551.326068
LINE:875547.099515,581805.419742,875429.104070,581805.562773,875345.227474,581799.568978,875295.422958,581792.129526,875241.529380,581780.837809,875214.129282,581769.929236
LINE:875214.129282,581769.929236,875206.177998,581762.613018,875203.737462,581759.567316,875199.538074,581753.113472,875196.421192,581746.047446,875194.306397,581738.977086,875193.456283,581731.712743,875193.460143,581728.224608,875194.275410,581722.128095,875251.346523,581526.431996
LINE:877108.287063,580796.626911,877115.915795,580737.087107,877127.904650,580682.997572,877169.294169,580546.270979
LINE:877339.270152,581294.907399,877361.366071,580845.761414,877384.198935,580732.881871,877422.914025,580611.944105
LINE:876829.539405,581297.027602,876837.211382,581109.762987,876837.189466,581092.861600,876836.079614,581085.824311,876834.290235,581079.573921,876833.417210,581077.397578,876830.507500,581072.155029,876826.527741,581067.010637,876823.649632,581064.032084,876815.739275,581057.971686
LINE:876815.739275,581057.971686,876809.830268,581054.417937,876801.087753,581050.766488,876790.695510,581048.241049,876784.898713,581047.677646,876774.747089,581047.428351,876213.479836,581050.194694
LINE:875582.581710,581305.118545,875621.150018,581109.816584,875623.396145,581099.605570,875629.169858,581085.374003,875635.177377,581075.417586,875641.302979,581068.331249
LINE:875641.302979,581068.331249,875645.627290,581064.509397,875647.607478,581063.207999,875656.340165,581058.597425,875662.888704,581056.332207,875669.112123,581055.074047,875680.116055,581054.573371,876213.479836,581050.194694
LINE:874825.438661,581138.080415,874846.875344,581066.130706,874866.441860,580965.546638,874877.271843,580863.596963,874877.469530,580856.005608,874876.206676,580844.772486,874874.270118,580837.432706,874869.525102,580826.105351
LINE:874869.525102,580826.105351,874868.313231,580823.667310,874864.137268,580817.559781,874859.316889,580812.408370,874853.766550,580808.062384,874850.819246,580806.134564,874844.448019,580803.100266,874842.216829,580802.369325,874832.468598,580800.338214,874825.872215,580799.943026,874369.397651,580802.194787,874314.211072,580799.353316
LINE:876233.610300,580540.624168,877100.896754,580538.269198,877169.294169,580546.270979
LINE:877284.939211,580287.324419,877221.406289,580404.181817,877169.294169,580546.270979
LINE:875149.125148,580547.035587,875172.020044,580028.143170
LINE:876245.065936,580287.206179,876156.434315,580281.516634,875478.146727,580284.920682,875471.160953,580285.374696,875464.278838,580286.656332,875457.598148,580288.747358,875451.213779,580291.618025,875445.216404,580295.227493,875440.117327,580299.253756,875433.730688,580306.333537
LINE:875433.730688,580306.333537,875429.108979,580313.727030,875427.994128,580315.987197,875425.523935,580323.831431,875424.347902,580330.947969,875412.526315,580545.877388
LINE:873413.860014,580783.984839,873495.447113,580802.238119,873575.688912,580807.694689,874259.149684,580804.030509,874314.211072,580799.353316
LINE:872947.700384,580040.745857,872926.960834,580525.261704,872930.484614,580559.763283,872947.468132,580623.399638,872969.760890,580683.177729,872970.370566,580684.350402,872980.990474,580693.376004
LINE:872980.990474,580693.376004,872994.948967,580705.238989,872995.389016,580705.494860,873069.791114,580739.598027,873106.572505,580751.135336,873124.226317,580754.432667,873150.476575,580756.847580,873283.868704,580760.392200,873413.860014,580783.984839
LINE:874825.438661,581138.080415,874627.489689,581805.528640,874608.178296,581853.591704
LINE:874339.134642,580301.625679,874849.716753,580299.575864,874856.453535,580299.069216,874859.822567,580298.418673,874866.302677,580296.517332,874872.433401,580293.678835,874878.076094,580289.967270,874884.509355,580283.940336
LINE:874884.509355,580283.940336,874887.888230,580279.729158,874891.655367,580273.392538,874894.371997,580266.317907,874895.824815,580258.886367,874905.433285,580030.050499
LINE:873426.054752,580505.528491,873228.709322,580504.410461,873221.599653,580503.797341,873217.780900,580503.044111,873210.960149,580500.949006,873204.512246,580497.889656,873201.221210,580495.811360,873192.977376,580488.840031
LINE:873192.977376,580488.840031,873190.583839,580486.410403,873186.606936,580480.934122,873184.851336,580477.834161,873182.157519,580471.626302,873180.439198,580465.079740,873179.944246,580461.551721,873179.687154,580454.790203,873196.295837,580039.392187
LINE:873686.531437,580306.714713,873481.890431,580308.637920,873474.597470,580309.311032,873467.629272,580311.119469,873460.830536,580313.813233,873454.557445,580317.594488,873449.539102,580321.887628
LINE:873449.539102,580321.887628,873446.486548,580324.947672,873441.903845,580331.128367,873439.946530,580334.588365,873436.934228,580341.667219,873435.186755,580347.961441,873433.962693,580355.087797,873426.054752,580505.528491
LINE:874328.724146,580552.010637,873734.302803,580556.698527,873719.427467,580555.842244,873713.854869,580554.709821,873706.757706,580552.366577,873700.065570,580549.026074,873696.758848,580546.914473,873687.591097,580538.664514
LINE:873687.591097,580538.664514,873684.342926,580534.400410,873681.196887,580528.322707,873679.198590,580521.777805,873678.610125,580518.401526,873678.458675,580507.737784,873686.531437,580306.714713
LINE:873426.054752,580505.528491,873413.860014,580783.984839
LINE:872793.776775,583667.443399,872387.983553,583650.529508
LINE:872554.774907,579967.230246,872551.249259,580043.042232
LINE:872793.776775,583667.443399,872783.207941,583917.788274
LINE:872804.773123,583417.666508,872793.776775,583667.443399
LINE:873196.295837,580039.392187,872947.700384,580040.745857
LINE:873902.079614,584851.977484,873854.034383,584846.955084,873654.743372,584845.805458
LINE:874339.134642,580301.625679,873686.531437,580306.714713
LINE:874328.724146,580552.010637,874321.264060,580744.545580,874314.211072,580799.353316
LINE:874339.134642,580301.625679,874328.724146,580552.010637
LINE:874351.946413,580032.906742,874339.134642,580301.625679
LINE:875149.125148,580547.035587,874328.724146,580552.010637
LINE:874905.433285,580030.050499,874351.946413,580032.906742
LINE:874648.369107,583293.107729,874386.562748,583279.612556
LINE:874751.572260,584038.413592,874544.748244,584088.179969,874494.495539,584093.953097
LINE:874858.757525,581931.325849,874608.178296,581853.591704
LINE:876504.982389,585292.028069,876417.692948,585299.785933,874932.192931,585291.030313
LINE:875321.813882,581284.256924,875072.809531,581212.512833
LINE:875183.338919,579777.207224,875172.020044,580028.143170
LINE:875183.484044,582817.213694,875180.078930,583344.389387
LINE:875412.526315,580545.877388,875149.125148,580547.035587
LINE:875433.349833,583346.508769,875180.078930,583344.389387
LINE:876256.302603,580020.454168,875172.020044,580028.143170
LINE:875321.813882,581284.256924,875251.346523,581526.431996
LINE:876233.610300,580540.624168,875412.526315,580545.877388
LINE:875547.099515,581805.419742,875538.414760,582053.897484
LINE:876264.164507,581801.702044,875547.099515,581805.419742
LINE:876285.621931,581301.082533,875582.581710,581305.118545
LINE:875683.365690,582804.839379,875682.127146,583347.879448
LINE:877691.621915,585306.174556,876592.192671,585300.630272,876504.982389,585292.028069
LINE:875180.078930,583344.389387,875107.204995,583370.030216,875074.816579,583384.874907,875004.641679,583430.758496
LINE:875004.641679,583430.758496,874973.602780,583406.467184,874952.010503,583382.175872,874939.864848,583361.933112,874926.369674,583334.942766,874916.923053,583309.301937,874915.573536,583285.010625,874915.573536,583236.428002,874934.465646,582816.983403
LINE:874751.572260,584038.413592,874957.408573,583985.494458,874973.602780,583976.047837,874983.178631,583964.078023
LINE:874983.178631,583964.078023,874984.398919,583962.552663,874988.447471,583943.659421,874985.748436,583922.067144,874930.418226,583703.445338,874923.670640,583653.513198,874924.866472,583615.008757
LINE:874924.866472,583615.008757,874942.563882,583542.852778,874953.360021,583514.512914,874969.554228,583482.124499,875004.641679,583430.758496
LINE:872783.207941,583917.788274,872881.850939,583924.091420,872899.394664,583921.392385,872938.530666,583899.800108
LINE:872633.771956,582136.072139,872648.376704,582129.979315,872671.517875,582129.979315,872920.285467,582141.549901,872953.068793,582137.693039,873003.207997,582129.979315,873064.917788,582114.551868
LINE:873064.917788,582114.551868,872981.995257,581829.626196
LINE:872981.995257,581829.626196,872857.611461,581864.820061,872782.402654,581878.319077,872744.798251,581881.211724,872709.122279,581879.283293,872673.446306,581875.426431,872653.197781,581868.676923,872639.698765,581856.142121
LINE:872639.698765,581856.142121,872632.949256,581840.714674,872631.020825,581821.430365,872645.484058,581389.461833
LINE:872645.484058,581389.461833,872680.195814,581387.533402,872853.754599,581398.139773,872872.074693,581402.960850,872884.609494,581411.638789,872886.081925,581413.929236
LINE:872886.081925,581413.929236,872893.287434,581425.137806,872898.108511,581440.565253,872895.215865,581505.167690,872896.180080,581523.487784,872901.001157,581543.736309,872981.995257,581829.626196
LINE:872387.983553,583650.529508,872333.898026,584842.677058,872312.131104,585187.191643,872294.470039,585273.162698
LINE:872433.434106,582639.385495,872465.410000,582000.345000,872491.411716,581376.876897
LINE:872507.465143,581019.419545,871696.221380,581008.601302,871672.206755,581010.025365,871625.309891,581022.035537,871599.001895,581034.045710,871584.132158,581046.055882
LINE:872508.778427,580977.919767,872473.479699,580975.687710,872316.203633,580980.834927,872218.978428,580969.968581,872160.071393,580954.526931,872116.039813,580939.365518,872035.400085,580900.475436,871988.081155,580871.092597
